[gd_scene format=3 uid="uid://f0oommypkm0i"]

[ext_resource type="Script" uid="uid://5r2o3glyvoiu" path="res://Scripts/Player/Leg.gd" id="1_kafv1"]
[ext_resource type="Script" uid="uid://csjccrhj5wnx7" path="res://addons/phantom_camera/scripts/phantom_camera/phantom_camera_3d.gd" id="3_euprb"]
[ext_resource type="Script" uid="uid://8umksf8e80fw" path="res://addons/phantom_camera/scripts/resources/tween_resource.gd" id="4_nclh8"]
[ext_resource type="Resource" uid="uid://odcgk1h80sk0" path="res://Assets/Resources/Camera3DSettings.tres" id="5_kafv1"]
[ext_resource type="ArrayMesh" uid="uid://junqlj1trmor" path="res://Assets/Robobotomy Art/3D/Character/Upper_Leg.res" id="6_tpfkj"]
[ext_resource type="ArrayMesh" uid="uid://tamu73mij3mp" path="res://Assets/Robobotomy Art/3D/Character/Lower_Leg.res" id="7_b7363"]
[ext_resource type="ArrayMesh" uid="uid://dmggdw1ovogf3" path="res://Assets/Robobotomy Art/3D/Character/Armor_Bit.res" id="8_aers5"]
[ext_resource type="ArrayMesh" uid="uid://dew8m0ce80vxt" path="res://Assets/Robobotomy Art/3D/Character/Foot.res" id="9_jvx81"]

[sub_resource type="Resource" id="Resource_bcp5y"]
script = ExtResource("4_nclh8")

[sub_resource type="Skin" id="Skin_dbm3a"]
resource_name = "Skin"
bind_count = 16
bind/0/name = &"Root_joint"
bind/0/bone = -1
bind/0/pose = Transform3D(6.123234e-17, 1, 0, -6.123234e-17, 3.7493994e-33, 1, 1, -6.123234e-17, 6.123234e-17, -0.0011155009, 2.6369605e-16, -0.0002953749)
bind/1/name = &"Pelvis_joint"
bind/1/bone = -1
bind/1/pose = Transform3D(-0.0021421905, 0.99999774, 0, -6.12322e-17, -1.3117133e-19, 1, 0.99999774, 0.0021421905, 6.123234e-17, -1.6643096, 2.6391437e-16, -0.0038606517)
bind/2/name = &"Spine_joint"
bind/2/bone = -1
bind/2/pose = Transform3D(0.007365321, 0.9999729, 0, -6.123068e-17, 4.5099583e-19, 1, 0.9999729, -0.007365321, 6.123234e-17, -1.8322266, 2.6291294e-16, 0.012493873)
bind/3/name = &"Hips_Joint"
bind/3/bone = -1
bind/3/pose = Transform3D(-0.0021421905, 0.99999774, 0, -6.12322e-17, -1.3117133e-19, 1, 0.99999774, 0.0021421905, 6.123234e-17, -1.6643096, 2.6391437e-16, -0.0038606517)
bind/4/name = &"L_Hip_IK"
bind/4/bone = -1
bind/4/pose = Transform3D(0.00020036724, 0.99996865, -0.007918787, -0.00517073, 0.007919718, 0.9999553, 0.9999866, -0.00015941236, 0.0051721544, -1.6581082, -0.012413019, -0.13877055)
bind/5/name = &"L_Knee_IK"
bind/5/bone = -1
bind/5/pose = Transform3D(0.00023154447, 0.99997854, 0.0065426477, -0.0044448823, -0.0065415544, 0.9999687, 0.9999901, -0.00026061854, 0.004443272, -0.97873956, 0.0013082558, -0.17288558)
bind/6/name = &"R_Hip_IK"
bind/6/bone = -1
bind/6/pose = Transform3D(-0.0021406151, 0.99999774, 0, 0.0007328483, 1.5687499e-06, 0.9999997, 0.99999744, 0.0021406147, -0.00073285, -1.66368, 9.927512e-05, 0.1354644)
bind/7/name = &"R_knee_IK"
bind/7/bone = -1
bind/7/pose = Transform3D(-0.0021406151, 0.99999774, 0, 0.0007328483, 1.5687499e-06, 0.9999997, 0.99999744, 0.0021406147, -0.00073285, -0.98142076, -0.006861623, 0.17450444)
bind/8/name = &"R_Hip_Fk"
bind/8/bone = -1
bind/8/pose = Transform3D(-0.0021184958, 0.99999774, -4.1714477e-05, 2.9879254e-06, 4.17209e-05, 1, 0.99999774, 0.0021184955, -3.0763042e-06, -1.663677, -6.8982576e-05, 0.13550124)
bind/9/name = &"R_knee_FK"
bind/9/bone = -1
bind/9/pose = Transform3D(-0.0021184958, 0.99999774, -4.1714477e-05, 2.9879254e-06, 4.17209e-05, 1, 0.99999774, 0.0021184955, -3.0763042e-06, -0.9814178, -0.0070298812, 0.17454128)
bind/10/name = &"L_Hip_FK"
bind/10/bone = -1
bind/10/pose = Transform3D(-0.0021421905, 0.99999774, 0, -6.12322e-17, -1.3117133e-19, 1, 0.99999774, 0.0021421905, 6.123234e-17, -1.6578307, 2.72409e-16, -0.14258845)
bind/11/name = &"L_Knee_FK"
bind/11/bone = -1
bind/11/pose = Transform3D(-0.0021421905, 0.99999774, 0, -6.12322e-17, -1.3117133e-19, 1, 0.99999774, 0.0021421905, 6.123234e-17, -0.9783622, -0.00030597756, -0.17680621)
bind/12/name = &"R_Hip_Bind"
bind/12/bone = -1
bind/12/pose = Transform3D(-0.0021406151, 0.99999774, -2.1175824e-22, 0.0007328483, 1.5687499e-06, 0.9999997, 0.99999744, 0.0021406147, -0.00073285, -1.66368, 9.927512e-05, 0.1354644)
bind/13/name = &"R_knee_Bind"
bind/13/bone = -1
bind/13/pose = Transform3D(-0.0021406151, 0.99999774, -2.1175824e-22, 0.0007328483, 1.5687499e-06, 0.9999997, 0.99999744, 0.0021406147, -0.00073285, -0.98142076, -0.006861623, 0.17450444)
bind/14/name = &"L_Hip_Bind"
bind/14/bone = -1
bind/14/pose = Transform3D(1.1784809e-05, 0.99996614, -0.008229741, 0.001024317, 0.008229724, 0.9999656, 0.99999946, -2.0214267e-05, -0.0010241853, -1.658078, -0.013788391, -0.13900314)
bind/15/name = &"L_Knee_Bind"
bind/15/bone = -1
bind/15/pose = Transform3D(4.273638e-05, 0.99998057, 0.0062318277, 0.001750182, -0.006231893, 0.9999791, 0.99999845, -3.1828655e-05, -0.0017504144, -0.9787136, -6.67804e-05, -0.1732051)

[sub_resource type="Skin" id="Skin_rrgua"]
resource_name = "Skin"
bind_count = 23
bind/0/name = &"Root_joint"
bind/0/bone = -1
bind/0/pose = Transform3D(6.123234e-17, 1, 0, -6.123234e-17, 3.7493994e-33, 1, 1, -6.123234e-17, 6.123234e-17, -1.115501e-05, 2.6369606e-18, -2.953749e-06)
bind/1/name = &"L_Hip_IK"
bind/1/bone = -1
bind/1/pose = Transform3D(0.00020036724, 0.99996865, -0.007918787, -0.00517073, 0.007919718, 0.9999553, 0.9999866, -0.00015941236, 0.0051721544, -0.016581083, -0.0001241302, -0.0013877054)
bind/2/name = &"L_Knee_IK"
bind/2/bone = -1
bind/2/pose = Transform3D(0.00023154447, 0.99997854, 0.0065426477, -0.0044448823, -0.0065415544, 0.9999687, 0.9999901, -0.00026061854, 0.004443272, -0.009787396, 1.3082558e-05, -0.0017288559)
bind/3/name = &"L_Ankle_IK"
bind/3/bone = -1
bind/3/pose = Transform3D(-0.03685224, 0.9993207, 0.00031194708, -0.0061792713, -0.0005400279, 0.99998075, 0.9993016, 0.036849603, 0.0061949748, -0.0009142364, 0.0004901262, -0.0022028245)
bind/4/name = &"L_Toe_IK"
bind/4/bone = -1
bind/4/pose = Transform3D(-0.03685224, 0.9993207, 0.00031194708, -0.0061792713, -0.0005400279, 0.99998075, 0.9993016, 0.036849603, 0.0061949748, 5.5609533e-05, -0.004800104, -0.0017400786)
bind/5/name = &"R_Hip_IK"
bind/5/bone = -1
bind/5/pose = Transform3D(-0.0021406151, 0.99999774, 0, 0.0007328483, 1.5687499e-06, 0.9999997, 0.99999744, 0.0021406147, -0.00073285, -0.0166368, 9.927512e-07, 0.0013546441)
bind/6/name = &"R_knee_IK"
bind/6/bone = -1
bind/6/pose = Transform3D(-0.0021406151, 0.99999774, 0, 0.0007328483, 1.5687499e-06, 0.9999997, 0.99999744, 0.0021406147, -0.00073285, -0.009814207, -6.861623e-05, 0.0017450444)
bind/7/name = &"R_Ankle_IK"
bind/7/bone = -1
bind/7/pose = Transform3D(-0.0021406151, 0.99999774, 0, 0.0007328483, 1.5687499e-06, 0.9999997, 0.99999744, 0.0021406147, -0.00073285, -0.0009920533, 0.00047551762, 0.002248737)
bind/8/name = &"R_Hip_Fk"
bind/8/bone = -1
bind/8/pose = Transform3D(-0.0021184958, 0.99999774, -4.1714477e-05, 2.9879254e-06, 4.17209e-05, 1, 0.99999774, 0.0021184955, -3.0763042e-06, -0.01663677, -6.8982575e-07, 0.0013550124)
bind/9/name = &"R_knee_FK"
bind/9/bone = -1
bind/9/pose = Transform3D(-0.0021184958, 0.99999774, -4.1714477e-05, 2.9879254e-06, 4.17209e-05, 1, 0.99999774, 0.0021184955, -3.0763042e-06, -0.009814178, -7.029881e-05, 0.0017454128)
bind/10/name = &"R_Ankle_FK"
bind/10/bone = -1
bind/10/pose = Transform3D(-0.0021184958, 0.99999774, -4.1714477e-05, 2.9879254e-06, 4.17209e-05, 1, 0.99999774, 0.0021184955, -3.0763042e-06, -0.0009920233, 0.00047383504, 0.0022491054)
bind/11/name = &"L_Hip_FK"
bind/11/bone = -1
bind/11/pose = Transform3D(-0.0021421905, 0.99999774, 0, -6.12322e-17, -1.3117133e-19, 1, 0.99999774, 0.0021421905, 6.123234e-17, -0.016578307, 2.72409e-18, -0.0014258845)
bind/12/name = &"L_Knee_FK"
bind/12/bone = -1
bind/12/pose = Transform3D(-0.0021421905, 0.99999774, 0, -6.12322e-17, -1.3117133e-19, 1, 0.99999774, 0.0021421905, 6.123234e-17, -0.009783622, -3.0597757e-06, -0.0017680621)
bind/13/name = &"L_Ankle_FK"
bind/13/bone = -1
bind/13/pose = Transform3D(-0.0021421905, 0.99999774, 0, -6.12322e-17, -1.3117133e-19, 1, 0.99999774, 0.0021421905, 6.123234e-17, -0.0009886449, 0.00047618526, -0.0022074326)
bind/14/name = &"L_Toe_FK"
bind/14/bone = -1
bind/14/pose = Transform3D(-0.0021421905, 0.99999774, 0, -6.12322e-17, -1.3117133e-19, 1, 0.99999774, 0.0021421905, 6.123234e-17, -1.879898e-05, -0.004814045, -0.0017446866)
bind/15/name = &"R_Hip_Bind"
bind/15/bone = -1
bind/15/pose = Transform3D(-0.0021406151, 0.99999774, -2.1175824e-22, 0.0007328483, 1.5687499e-06, 0.9999997, 0.99999744, 0.0021406147, -0.00073285, -0.0166368, 9.927512e-07, 0.0013546441)
bind/16/name = &"R_knee_Bind"
bind/16/bone = -1
bind/16/pose = Transform3D(-0.0021406151, 0.99999774, -2.1175824e-22, 0.0007328483, 1.5687499e-06, 0.9999997, 0.99999744, 0.0021406147, -0.00073285, -0.009814207, -6.861623e-05, 0.0017450444)
bind/17/name = &"R_Ankle_Bind"
bind/17/bone = -1
bind/17/pose = Transform3D(-0.0021406151, 0.99999774, -2.1175824e-22, 0.0007328483, 1.5687499e-06, 0.9999997, 0.99999744, 0.0021406147, -0.00073285, -0.0009920533, 0.00047551762, 0.002248737)
bind/18/name = &"L_Hip_Bind"
bind/18/bone = -1
bind/18/pose = Transform3D(1.1784809e-05, 0.99996614, -0.008229741, 0.001024317, 0.008229724, 0.9999656, 0.99999946, -2.0214267e-05, -0.0010241853, -0.01658078, -0.00013788391, -0.0013900314)
bind/19/name = &"L_Knee_Bind"
bind/19/bone = -1
bind/19/pose = Transform3D(4.273638e-05, 0.99998057, 0.0062318277, 0.001750182, -0.006231893, 0.9999791, 0.99999845, -3.1828655e-05, -0.0017504144, -0.009787136, -6.67804e-07, -0.0017320511)
bind/20/name = &"L_Ankle_BInd"
bind/20/bone = -1
bind/20/pose = Transform3D(-0.03704038, 0.9993138, 7.9048107e-07, 2.2132395e-08, -7.902035e-07, 1, 0.9993138, 0.03704038, 7.152228e-09, -0.00091396936, 0.00047618587, -0.0022059907)
bind/21/name = &"L_Toe_Bind"
bind/21/bone = -1
bind/21/pose = Transform3D(-0.03704038, 0.9993138, 7.9048107e-07, 2.2132395e-08, -7.902035e-07, 1, 0.9993138, 0.03704038, 7.152228e-09, 5.5876608e-05, -0.0048140446, -0.0017432447)
bind/22/name = &"L_AnkleGuard_Rotator"
bind/22/bone = -1
bind/22/pose = Transform3D(-0.022144433, 0.59743536, 0.80161124, 0.02969198, -0.80106115, 0.5978456, 0.9993138, 0.03704038, 7.1522264e-09, -0.0001646974, 0.0010173336, -0.0022059907)

[sub_resource type="Skin" id="Skin_68w1l"]
resource_name = "Skin2"
bind_count = 17
bind/0/name = &"Root_joint"
bind/0/bone = -1
bind/0/pose = Transform3D(6.123234e-17, 0.9984586, -0.055501606, -6.123234e-17, 0.055501606, 0.9984586, 1, -5.773946e-17, 6.453645e-17, -3.632964e-05, -5.605913e-05, -2.953749e-06)
bind/1/name = &"L_Knee_IK"
bind/1/bone = -1
bind/1/pose = Transform3D(0.00023154447, 0.99880034, -0.048967853, -0.0044448823, 0.0489684, 0.99879044, 0.9999901, -1.3608067e-05, 0.004450888, -0.009812936, -4.2810134e-05, -0.0017290985)
bind/2/name = &"L_Ankle_IK"
bind/2/bone = -1
bind/2/pose = Transform3D(-0.03685224, 0.9977976, -0.05515244, -0.0061792713, 0.054961342, 0.99846935, 0.9993016, 0.037136633, 0.0041402136, -0.00093941146, 0.00043408177, -0.0022040994)
bind/3/name = &"L_Toe_IK"
bind/3/bone = -1
bind/3/pose = Transform3D(-0.03685224, 0.9977976, -0.05515244, -0.0061792713, 0.054961342, 0.99846935, 0.9993016, 0.037136633, 0.0041402136, 3.0434518e-05, -0.0048561487, -0.0017413534)
bind/4/name = &"R_knee_IK"
bind/4/bone = -1
bind/4/pose = Transform3D(-0.0021406151, 0.9984563, -0.05550148, 0.0007328483, 0.05550316, 0.99845827, 0.99999744, 0.0020966406, -0.00085052795, -0.009839382, -0.00012467538, 0.0017450316)
bind/5/name = &"R_Ankle_IK"
bind/5/bone = -1
bind/5/pose = Transform3D(-0.0021406151, 0.9984563, -0.05550148, 0.0007328483, 0.05550316, 0.99845827, 0.99999744, 0.0020966406, -0.00085052795, -0.0010172279, 0.00041945846, 0.0022487242)
bind/6/name = &"R_knee_FK"
bind/6/bone = -1
bind/6/pose = Transform3D(-0.0021184958, 0.99845403, -0.055543132, 2.9879254e-06, 0.055543263, 0.9984563, 0.99999774, 0.0021150594, -0.00012065147, -0.009839349, -0.000126359, 0.0017453596)
bind/7/name = &"R_Ankle_FK"
bind/7/bone = -1
bind/7/pose = Transform3D(-0.0021184958, 0.99845403, -0.055543132, 2.9879254e-06, 0.055543263, 0.9984563, 0.99999774, 0.0021150594, -0.00012065147, -0.0010171955, 0.00041777486, 0.002249052)
bind/8/name = &"L_Knee_FK"
bind/8/bone = -1
bind/8/pose = Transform3D(-0.0021421905, 0.9984563, -0.05550148, -6.12322e-17, 0.055501606, 0.9984586, 0.99999774, 0.0021388885, -0.00011889501, -0.009808796, -5.9118902e-05, -0.0017681161)
bind/9/name = &"L_Ankle_FK"
bind/9/bone = -1
bind/9/pose = Transform3D(-0.0021421905, 0.9984563, -0.05550148, -6.12322e-17, 0.055501606, 0.9984586, 0.99999774, 0.0021388885, -0.00011889501, -0.0010138195, 0.00042012616, -0.0022074867)
bind/10/name = &"L_Toe_FK"
bind/10/bone = -1
bind/10/pose = Transform3D(-0.0021421905, 0.9984563, -0.05550148, -6.12322e-17, 0.055501606, 0.9984586, 0.99999774, 0.0021388885, -0.00011889501, -4.3973552e-05, -0.004870104, -0.0017447405)
bind/11/name = &"R_knee_Bind"
bind/11/bone = -1
bind/11/pose = Transform3D(-0.0021406151, 0.9984563, -0.05550148, 0.0007328483, 0.05550316, 0.99845827, 0.99999744, 0.0020966406, -0.00085052795, -0.009839382, -0.00012467538, 0.0017450316)
bind/12/name = &"R_Ankle_Bind"
bind/12/bone = -1
bind/12/pose = Transform3D(-0.0021406151, 0.9984563, -0.05550148, 0.0007328483, 0.05550316, 0.99845827, 0.99999744, 0.0020966406, -0.00085052795, -0.0010172279, 0.00041945846, 0.0022487242)
bind/13/name = &"L_Knee_Bind"
bind/13/bone = -1
bind/13/pose = Transform3D(4.273638e-05, 0.9987851, -0.049278308, 0.001750182, 0.04927816, 0.9987836, 0.99999845, -0.0001289304, -0.0017459497, -0.00981266, -5.656887e-05, -0.0017319522)
bind/14/name = &"L_Ankle_BInd"
bind/14/bone = -1
bind/14/pose = Transform3D(-0.03704038, 0.99777347, -0.055462733, 2.2132395e-08, 0.055500817, 0.9984586, 0.9993138, 0.036983285, -0.0020557933, -0.00093912677, 0.00042012677, -0.0022069232)
bind/15/name = &"L_Toe_Bind"
bind/15/bone = -1
bind/15/pose = Transform3D(-0.03704038, 0.99777347, -0.055462733, 2.2132395e-08, 0.055500817, 0.9984586, 0.9993138, 0.036983285, -0.0020557933, 3.071921e-05, -0.0048701037, -0.0017441772)
bind/16/name = &"L_AnkleGuard_Rotator"
bind/16/bone = -1
bind/16/pose = Transform3D(-0.022144433, 0.64100516, 0.76721704, 0.02969198, -0.766645, 0.64138424, 0.9993138, 0.036983285, -0.0020557933, -0.00022467524, 0.0010039854, -0.0022069232)

[sub_resource type="Skin" id="Skin_ohaxv"]
resource_name = "Skin3"
bind_count = 19
bind/0/name = &"Root_joint"
bind/0/bone = -1
bind/0/pose = Transform3D(6.123234e-17, 1, 0, -6.123234e-17, 3.7493994e-33, 1, 1, -6.123234e-17, 6.123234e-17, -1.115501e-05, 2.6369606e-18, -2.953749e-06)
bind/1/name = &"L_Knee_IK"
bind/1/bone = -1
bind/1/pose = Transform3D(0.00023154447, 0.99997854, 0.0065426477, -0.0044448823, -0.0065415544, 0.9999687, 0.9999901, -0.00026061854, 0.004443272, -0.009787396, 1.3082558e-05, -0.0017288559)
bind/2/name = &"L_Ankle_IK"
bind/2/bone = -1
bind/2/pose = Transform3D(-0.03685224, 0.9993207, 0.00031194708, -0.0061792713, -0.0005400279, 0.99998075, 0.9993016, 0.036849603, 0.0061949748, -0.0009142364, 0.0004901262, -0.0022028245)
bind/3/name = &"L_Toe_IK"
bind/3/bone = -1
bind/3/pose = Transform3D(-0.03685224, 0.9993207, 0.00031194708, -0.0061792713, -0.0005400279, 0.99998075, 0.9993016, 0.036849603, 0.0061949748, 5.5609533e-05, -0.004800104, -0.0017400786)
bind/4/name = &"R_knee_IK"
bind/4/bone = -1
bind/4/pose = Transform3D(-0.0021406151, 0.99999774, 0, 0.0007328483, 1.5687499e-06, 0.9999997, 0.99999744, 0.0021406147, -0.00073285, -0.009814207, -6.861623e-05, 0.0017450444)
bind/5/name = &"R_Ankle_IK"
bind/5/bone = -1
bind/5/pose = Transform3D(-0.0021406151, 0.99999774, 0, 0.0007328483, 1.5687499e-06, 0.9999997, 0.99999744, 0.0021406147, -0.00073285, -0.0009920533, 0.00047551762, 0.002248737)
bind/6/name = &"R_Toe_IK"
bind/6/bone = -1
bind/6/pose = Transform3D(-0.0021406151, 0.99999774, 0, 0.0007328483, 1.5687499e-06, 0.9999997, 0.99999744, 0.0021406147, -0.00073285, -1.8585124e-05, -0.004812358, 0.00181541)
bind/7/name = &"R_knee_FK"
bind/7/bone = -1
bind/7/pose = Transform3D(-0.0021184958, 0.99999774, -4.1714477e-05, 2.9879254e-06, 4.17209e-05, 1, 0.99999774, 0.0021184955, -3.0763042e-06, -0.009814178, -7.029881e-05, 0.0017454128)
bind/8/name = &"R_Ankle_FK"
bind/8/bone = -1
bind/8/pose = Transform3D(-0.0021184958, 0.99999774, -4.1714477e-05, 2.9879254e-06, 4.17209e-05, 1, 0.99999774, 0.0021184955, -3.0763042e-06, -0.0009920233, 0.00047383504, 0.0022491054)
bind/9/name = &"L_Knee_FK"
bind/9/bone = -1
bind/9/pose = Transform3D(-0.0021421905, 0.99999774, 0, -6.12322e-17, -1.3117133e-19, 1, 0.99999774, 0.0021421905, 6.123234e-17, -0.009783622, -3.0597757e-06, -0.0017680621)
bind/10/name = &"L_Ankle_FK"
bind/10/bone = -1
bind/10/pose = Transform3D(-0.0021421905, 0.99999774, 0, -6.12322e-17, -1.3117133e-19, 1, 0.99999774, 0.0021421905, 6.123234e-17, -0.0009886449, 0.00047618526, -0.0022074326)
bind/11/name = &"L_Toe_FK"
bind/11/bone = -1
bind/11/pose = Transform3D(-0.0021421905, 0.99999774, 0, -6.12322e-17, -1.3117133e-19, 1, 0.99999774, 0.0021421905, 6.123234e-17, -1.879898e-05, -0.004814045, -0.0017446866)
bind/12/name = &"R_knee_Bind"
bind/12/bone = -1
bind/12/pose = Transform3D(-0.0021406151, 0.99999774, -2.1175824e-22, 0.0007328483, 1.5687499e-06, 0.9999997, 0.99999744, 0.0021406147, -0.00073285, -0.009814207, -6.861623e-05, 0.0017450444)
bind/13/name = &"R_Ankle_Bind"
bind/13/bone = -1
bind/13/pose = Transform3D(-0.0021406151, 0.99999774, -2.1175824e-22, 0.0007328483, 1.5687499e-06, 0.9999997, 0.99999744, 0.0021406147, -0.00073285, -0.0009920533, 0.00047551762, 0.002248737)
bind/14/name = &"R_Toe_Bind"
bind/14/bone = -1
bind/14/pose = Transform3D(-0.0021406151, 0.99999774, -2.1175824e-22, 0.0007328483, 1.5687499e-06, 0.9999997, 0.99999744, 0.0021406147, -0.00073285, -1.8585124e-05, -0.004812358, 0.00181541)
bind/15/name = &"L_Knee_Bind"
bind/15/bone = -1
bind/15/pose = Transform3D(4.273638e-05, 0.99998057, 0.0062318277, 0.001750182, -0.006231893, 0.9999791, 0.99999845, -3.1828655e-05, -0.0017504144, -0.009787136, -6.67804e-07, -0.0017320511)
bind/16/name = &"L_Ankle_BInd"
bind/16/bone = -1
bind/16/pose = Transform3D(-0.03704038, 0.9993138, 7.9048107e-07, 2.2132395e-08, -7.902035e-07, 1, 0.9993138, 0.03704038, 7.152228e-09, -0.00091396936, 0.00047618587, -0.0022059907)
bind/17/name = &"L_Toe_Bind"
bind/17/bone = -1
bind/17/pose = Transform3D(-0.03704038, 0.9993138, 7.9048107e-07, 2.2132395e-08, -7.902035e-07, 1, 0.9993138, 0.03704038, 7.152228e-09, 5.5876608e-05, -0.0048140446, -0.0017432447)
bind/18/name = &"L_AnkleGuard_Rotator"
bind/18/bone = -1
bind/18/pose = Transform3D(-0.022144433, 0.59743536, 0.80161124, 0.02969198, -0.80106115, 0.5978456, 0.9993138, 0.03704038, 7.1522264e-09, -0.0001646974, 0.0010173336, -0.0022059907)

[sub_resource type="BoxShape3D" id="BoxShape3D_hsfiv"]
size = Vector3(0.40649414, 1.7830391, 0.7265625)

[sub_resource type="BoxShape3D" id="BoxShape3D_i6q28"]
size = Vector3(0.4185791, 1.7902048, 0.73747253)

[node name="LeftLeg" type="RigidBody3D" unique_id=925113335]
collision_layer = 4099
collision_mask = 2956
lock_rotation = true
freeze = true
freeze_mode = 1
continuous_cd = true
contact_monitor = true
max_contacts_reported = 2
script = ExtResource("1_kafv1")
retract_speed = 7.5

[node name="VisibleOnScreenNotifier3D" type="VisibleOnScreenNotifier3D" parent="." unique_id=1295578004]

[node name="PhantomCamera3D" type="Node3D" parent="." unique_id=869999246]
transform = Transform3D(1, 0, 0, 0, 1, 0, 0, 0, 1, 0, 0, 6.168)
script = ExtResource("3_euprb")
tween_resource = SubResource("Resource_bcp5y")
camera_3d_resource = ExtResource("5_kafv1")
metadata/_custom_type_script = "uid://csjccrhj5wnx7"

[node name="Node3D" type="Node3D" parent="." unique_id=445279953]
transform = Transform3D(100, 0, 0, 0, 100, 0, 0, 0, 100, -0.19078112, -0.8973135, 0.13392133)

[node name="Upper_Leg" type="MeshInstance3D" parent="Node3D" unique_id=1586334118]
mesh = ExtResource("6_tpfkj")
skin = SubResource("Skin_dbm3a")
skeleton = NodePath("")

[node name="Lower_Leg" type="MeshInstance3D" parent="Node3D" unique_id=398758550]
mesh = ExtResource("7_b7363")
skin = SubResource("Skin_rrgua")
skeleton = NodePath("")

[node name="Armor_Bit" type="MeshInstance3D" parent="Node3D" unique_id=1772115037]
mesh = ExtResource("8_aers5")
skin = SubResource("Skin_68w1l")
skeleton = NodePath("")

[node name="Foot" type="MeshInstance3D" parent="Node3D" unique_id=1374424411]
mesh = ExtResource("9_jvx81")
skin = SubResource("Skin_ohaxv")
skeleton = NodePath("")

[node name="CollisionShape3D" type="CollisionShape3D" parent="." unique_id=431806607]
transform = Transform3D(1, 0, 0, 0, 1, 0, 0, 0, 1, -0.0004272461, 0.00053596497, 0.13272095)
shape = SubResource("BoxShape3D_hsfiv")

[node name="JumpArea" type="Area3D" parent="." unique_id=1098783904]
transform = Transform3D(1, 0, 0, 0, 1, 0, 0, 0, 1, 0, -0.036596715, 0)
collision_layer = 0
collision_mask = 12

[node name="CollisionShape3D" type="CollisionShape3D" parent="JumpArea" unique_id=1425082608]
transform = Transform3D(1, 0, 0, 0, 1, 0, 0, 0, 1, -0.0004272461, 0.039099574, 0.13056183)
shape = SubResource("BoxShape3D_i6q28")
