[gd_scene format=3 uid="uid://ep2c8eoh0i32"]

[ext_resource type="Script" uid="uid://5r2o3glyvoiu" path="res://Scripts/Player/Leg.gd" id="1_pckun"]
[ext_resource type="Script" uid="uid://csjccrhj5wnx7" path="res://addons/phantom_camera/scripts/phantom_camera/phantom_camera_3d.gd" id="3_hsfiv"]
[ext_resource type="Script" uid="uid://8umksf8e80fw" path="res://addons/phantom_camera/scripts/resources/tween_resource.gd" id="4_i6q28"]
[ext_resource type="ArrayMesh" uid="uid://junqlj1trmor" path="res://Assets/Robobotomy Art/3D/Character/Upper_Leg.res" id="5_0ju30"]
[ext_resource type="Resource" uid="uid://odcgk1h80sk0" path="res://Assets/Resources/Camera3DSettings.tres" id="5_pckun"]
[ext_resource type="ArrayMesh" uid="uid://tamu73mij3mp" path="res://Assets/Robobotomy Art/3D/Character/Lower_Leg.res" id="6_5wjxt"]
[ext_resource type="ArrayMesh" uid="uid://dmggdw1ovogf3" path="res://Assets/Robobotomy Art/3D/Character/Armor_Bit.res" id="7_hh6m4"]
[ext_resource type="ArrayMesh" uid="uid://dew8m0ce80vxt" path="res://Assets/Robobotomy Art/3D/Character/Foot.res" id="8_jtu2u"]

[sub_resource type="Resource" id="Resource_bcp5y"]
script = ExtResource("4_i6q28")

[sub_resource type="Skin" id="Skin_ju8df"]
resource_name = "Skin"
bind_count = 16
bind/0/name = &"Root_joint"
bind/0/bone = -1
bind/0/pose = Transform3D(6.123234e-17, 1, 0, -6.123234e-17, 3.7493994e-33, 1, 1, -6.123234e-17, 6.123234e-17, -0.0011155009, 8.049298e-16, -0.0002953749)
bind/1/name = &"Pelvis_joint"
bind/1/bone = -1
bind/1/pose = Transform3D(-0.0021421905, 0.99999774, 0, -6.12322e-17, -1.3117133e-19, 1, 0.99999774, 0.0021421905, 6.123234e-17, -1.6643096, 8.0514807e-16, -0.0038606517)
bind/2/name = &"Spine_joint"
bind/2/bone = -1
bind/2/pose = Transform3D(0.007365321, 0.9999729, 0, -6.123068e-17, 4.5099583e-19, 1, 0.9999729, -0.007365321, 6.123234e-17, -1.8322266, 8.041467e-16, 0.012493873)
bind/3/name = &"Hips_Joint"
bind/3/bone = -1
bind/3/pose = Transform3D(-0.0021421905, 0.99999774, 0, -6.12322e-17, -1.3117133e-19, 1, 0.99999774, 0.0021421905, 6.123234e-17, -1.6643096, 8.0514807e-16, -0.0038606517)
bind/4/name = &"L_Hip_IK"
bind/4/bone = -1
bind/4/pose = Transform3D(0.00020036724, 0.99996865, -0.007918787, -0.00517073, 0.007919718, 0.9999553, 0.9999866, -0.00015941236, 0.0051721544, -1.6581082, -0.012413019, -0.13877055)
bind/5/name = &"L_Knee_IK"
bind/5/bone = -1
bind/5/pose = Transform3D(0.00023154447, 0.99997854, 0.0065426477, -0.0044448823, -0.0065415544, 0.9999687, 0.9999901, -0.00026061854, 0.004443272, -0.97873956, 0.0013082558, -0.17288558)
bind/6/name = &"R_Hip_IK"
bind/6/bone = -1
bind/6/pose = Transform3D(-0.0021406151, 0.99999774, 0, 0.0007328483, 1.5687499e-06, 0.9999997, 0.99999744, 0.0021406147, -0.00073285, -1.66368, 9.927512e-05, 0.1354644)
bind/7/name = &"R_knee_IK"
bind/7/bone = -1
bind/7/pose = Transform3D(-0.0021406151, 0.99999774, 0, 0.0007328483, 1.5687499e-06, 0.9999997, 0.99999744, 0.0021406147, -0.00073285, -0.98142076, -0.006861623, 0.17450444)
bind/8/name = &"R_Hip_Fk"
bind/8/bone = -1
bind/8/pose = Transform3D(-0.0021184958, 0.99999774, -4.1714477e-05, 2.9879254e-06, 4.17209e-05, 1, 0.99999774, 0.0021184955, -3.0763042e-06, -1.663677, -6.8982576e-05, 0.13550124)
bind/9/name = &"R_knee_FK"
bind/9/bone = -1
bind/9/pose = Transform3D(-0.0021184958, 0.99999774, -4.1714477e-05, 2.9879254e-06, 4.17209e-05, 1, 0.99999774, 0.0021184955, -3.0763042e-06, -0.9814178, -0.0070298812, 0.17454128)
bind/10/name = &"L_Hip_FK"
bind/10/bone = -1
bind/10/pose = Transform3D(-0.0021421905, 0.99999774, 0, -6.12322e-17, -1.3117133e-19, 1, 0.99999774, 0.0021421905, 6.123234e-17, -1.6578307, 8.1364275e-16, -0.14258845)
bind/11/name = &"L_Knee_FK"
bind/11/bone = -1
bind/11/pose = Transform3D(-0.0021421905, 0.99999774, 0, -6.12322e-17, -1.3117133e-19, 1, 0.99999774, 0.0021421905, 6.123234e-17, -0.9783622, -0.00030597756, -0.17680621)
bind/12/name = &"R_Hip_Bind"
bind/12/bone = -1
bind/12/pose = Transform3D(-0.0021406151, 0.99999774, -2.1175824e-22, 0.0007328483, 1.5687499e-06, 0.9999997, 0.99999744, 0.0021406147, -0.00073285, -1.66368, 9.927512e-05, 0.1354644)
bind/13/name = &"R_knee_Bind"
bind/13/bone = -1
bind/13/pose = Transform3D(-0.0021406151, 0.99999774, -2.1175824e-22, 0.0007328483, 1.5687499e-06, 0.9999997, 0.99999744, 0.0021406147, -0.00073285, -0.98142076, -0.006861623, 0.17450444)
bind/14/name = &"L_Hip_Bind"
bind/14/bone = -1
bind/14/pose = Transform3D(1.1784809e-05, 0.99996614, -0.008229741, 0.001024317, 0.008229724, 0.9999656, 0.99999946, -2.0214267e-05, -0.0010241853, -1.658078, -0.013788391, -0.13900314)
bind/15/name = &"L_Knee_Bind"
bind/15/bone = -1
bind/15/pose = Transform3D(4.273638e-05, 0.99998057, 0.0062318277, 0.001750182, -0.006231893, 0.9999791, 0.99999845, -3.1828655e-05, -0.0017504144, -0.9787136, -6.67804e-05, -0.1732051)

[sub_resource type="Skin" id="Skin_iwjx2"]
resource_name = "Skin"
bind_count = 22
bind/0/name = &"Root_joint"
bind/0/bone = -1
bind/0/pose = Transform3D(6.123234e-17, 1, 0, -6.123234e-17, 3.7493994e-33, 1, 1, -6.123234e-17, 6.123234e-17, -0.0011155009, 8.118687e-16, -0.0002953749)
bind/1/name = &"L_Hip_IK"
bind/1/bone = -1
bind/1/pose = Transform3D(0.00020036724, 0.99996865, -0.007918787, -0.00517073, 0.007919718, 0.9999553, 0.9999866, -0.00015941236, 0.0051721544, -1.6581082, -0.012413019, -0.13877055)
bind/2/name = &"L_Knee_IK"
bind/2/bone = -1
bind/2/pose = Transform3D(0.00023154447, 0.99997854, 0.0065426477, -0.0044448823, -0.0065415544, 0.9999687, 0.9999901, -0.00026061854, 0.004443272, -0.97873956, 0.0013082558, -0.17288558)
bind/3/name = &"L_Ankle_IK"
bind/3/bone = -1
bind/3/pose = Transform3D(-0.03685224, 0.9993207, 0.00031194708, -0.0061792713, -0.0005400279, 0.99998075, 0.9993016, 0.036849603, 0.0061949748, -0.09142364, 0.04901262, -0.22028245)
bind/4/name = &"R_Hip_IK"
bind/4/bone = -1
bind/4/pose = Transform3D(-0.0021406151, 0.99999774, 0, 0.0007328483, 1.5687499e-06, 0.9999997, 0.99999744, 0.0021406147, -0.00073285, -1.66368, 9.927512e-05, 0.1354644)
bind/5/name = &"R_knee_IK"
bind/5/bone = -1
bind/5/pose = Transform3D(-0.0021406151, 0.99999774, 0, 0.0007328483, 1.5687499e-06, 0.9999997, 0.99999744, 0.0021406147, -0.00073285, -0.98142076, -0.006861623, 0.17450444)
bind/6/name = &"R_Ankle_IK"
bind/6/bone = -1
bind/6/pose = Transform3D(-0.0021406151, 0.99999774, 0, 0.0007328483, 1.5687499e-06, 0.9999997, 0.99999744, 0.0021406147, -0.00073285, -0.09920533, 0.047551762, 0.2248737)
bind/7/name = &"R_Toe_IK"
bind/7/bone = -1
bind/7/pose = Transform3D(-0.0021406151, 0.99999774, 0, 0.0007328483, 1.5687499e-06, 0.9999997, 0.99999744, 0.0021406147, -0.00073285, -0.0018585124, -0.4812358, 0.181541)
bind/8/name = &"R_Hip_Fk"
bind/8/bone = -1
bind/8/pose = Transform3D(-0.0021184958, 0.99999774, -4.1714477e-05, 2.9879254e-06, 4.17209e-05, 1, 0.99999774, 0.0021184955, -3.0763042e-06, -1.663677, -6.8982576e-05, 0.13550124)
bind/9/name = &"R_knee_FK"
bind/9/bone = -1
bind/9/pose = Transform3D(-0.0021184958, 0.99999774, -4.1714477e-05, 2.9879254e-06, 4.17209e-05, 1, 0.99999774, 0.0021184955, -3.0763042e-06, -0.9814178, -0.0070298812, 0.17454128)
bind/10/name = &"R_Ankle_FK"
bind/10/bone = -1
bind/10/pose = Transform3D(-0.0021184958, 0.99999774, -4.1714477e-05, 2.9879254e-06, 4.17209e-05, 1, 0.99999774, 0.0021184955, -3.0763042e-06, -0.09920233, 0.047383502, 0.22491054)
bind/11/name = &"R_Toe_FK"
bind/11/bone = -1
bind/11/pose = Transform3D(-0.0021184958, 0.99999774, -4.1714477e-05, 2.9879254e-06, 4.17209e-05, 1, 0.99999774, 0.0021184955, -3.0763042e-06, -0.0018555141, -0.48140404, 0.18157783)
bind/12/name = &"L_Hip_FK"
bind/12/bone = -1
bind/12/pose = Transform3D(-0.0021421905, 0.99999774, 0, -6.12322e-17, -1.3117133e-19, 1, 0.99999774, 0.0021421905, 6.123234e-17, -1.6578307, 8.205816e-16, -0.14258845)
bind/13/name = &"L_Knee_FK"
bind/13/bone = -1
bind/13/pose = Transform3D(-0.0021421905, 0.99999774, 0, -6.12322e-17, -1.3117133e-19, 1, 0.99999774, 0.0021421905, 6.123234e-17, -0.9783622, -0.00030597756, -0.17680621)
bind/14/name = &"R_Hip_Bind"
bind/14/bone = -1
bind/14/pose = Transform3D(-0.0021406151, 0.99999774, -2.1175824e-22, 0.0007328483, 1.5687499e-06, 0.9999997, 0.99999744, 0.0021406147, -0.00073285, -1.66368, 9.927512e-05, 0.1354644)
bind/15/name = &"R_knee_Bind"
bind/15/bone = -1
bind/15/pose = Transform3D(-0.0021406151, 0.99999774, -2.1175824e-22, 0.0007328483, 1.5687499e-06, 0.9999997, 0.99999744, 0.0021406147, -0.00073285, -0.98142076, -0.006861623, 0.17450444)
bind/16/name = &"R_Ankle_Bind"
bind/16/bone = -1
bind/16/pose = Transform3D(-0.0021406151, 0.99999774, -2.1175824e-22, 0.0007328483, 1.5687499e-06, 0.9999997, 0.99999744, 0.0021406147, -0.00073285, -0.09920533, 0.047551762, 0.2248737)
bind/17/name = &"R_Toe_Bind"
bind/17/bone = -1
bind/17/pose = Transform3D(-0.0021406151, 0.99999774, -2.1175824e-22, 0.0007328483, 1.5687499e-06, 0.9999997, 0.99999744, 0.0021406147, -0.00073285, -0.0018585124, -0.4812358, 0.181541)
bind/18/name = &"R_AnkleGuard_Rotator"
bind/18/bone = -1
bind/18/pose = Transform3D(-0.0006954774, 0.59902835, 0.80072755, 0.002153047, -0.800725, 0.5990283, 0.99999744, 0.0021406147, -0.00073285, -0.021350801, 0.107921325, 0.2248737)
bind/19/name = &"L_Hip_Bind"
bind/19/bone = -1
bind/19/pose = Transform3D(1.1784809e-05, 0.99996614, -0.008229741, 0.001024317, 0.008229724, 0.9999656, 0.99999946, -2.0214267e-05, -0.0010241853, -1.658078, -0.013788391, -0.13900314)
bind/20/name = &"L_Knee_Bind"
bind/20/bone = -1
bind/20/pose = Transform3D(4.273638e-05, 0.99998057, 0.0062318277, 0.001750182, -0.006231893, 0.9999791, 0.99999845, -3.1828655e-05, -0.0017504144, -0.9787136, -6.67804e-05, -0.1732051)
bind/21/name = &"L_Ankle_BInd"
bind/21/bone = -1
bind/21/pose = Transform3D(-0.03704038, 0.9993138, 7.9048107e-07, 2.2132395e-08, -7.902035e-07, 1, 0.9993138, 0.03704038, 7.152228e-09, -0.091396935, 0.047618587, -0.22059907)

[sub_resource type="Skin" id="Skin_ho38w"]
resource_name = "Skin2"
bind_count = 16
bind/0/name = &"Root_joint"
bind/0/bone = -1
bind/0/pose = Transform3D(6.123234e-17, 0.99717873, 0.07506385, -6.123234e-17, -0.07506385, 0.99717873, 1, -6.565592e-17, 5.646325e-17, 0.0027782402, 0.007345681, -0.0002953749)
bind/1/name = &"L_Knee_IK"
bind/1/bone = -1
bind/1/pose = Transform3D(0.00023154447, 0.99666625, 0.08158643, -0.0044448823, -0.081584595, 0.99665654, 0.9999901, -0.0005934124, 0.0044111735, -0.97479784, 0.008628236, -0.17285398)
bind/2/name = &"L_Ankle_IK"
bind/2/bone = -1
bind/2/pose = Transform3D(-0.03685224, 0.9964779, 0.07532392, -0.0061792713, -0.07560091, 0.997119, 0.9993016, 0.03628062, 0.00894357, -0.087530255, 0.056356058, -0.22009346)
bind/3/name = &"R_knee_IK"
bind/3/bone = -1
bind/3/pose = Transform3D(-0.0021406151, 0.99717647, 0.075063676, 0.0007328483, -0.07506226, 0.99717855, 0.99999744, 0.002189586, -0.0005700997, -0.97752696, 0.00048406192, 0.1745074)
bind/4/name = &"R_Ankle_IK"
bind/4/bone = -1
bind/4/pose = Transform3D(-0.0021406151, 0.99717647, 0.075063676, 0.0007328483, -0.07506226, 0.99717855, 0.99999744, 0.002189586, -0.0005700997, -0.0953116, 0.054897442, 0.22487664)
bind/5/name = &"R_Toe_IK"
bind/5/bone = -1
bind/5/pose = Transform3D(-0.0021406151, 0.99717647, 0.075063676, 0.0007328483, -0.07506226, 0.99717855, 0.99999744, 0.002189586, -0.0005700997, 0.00203522, -0.47389007, 0.18154395)
bind/6/name = &"R_knee_FK"
bind/6/bone = -1
bind/6/pose = Transform3D(-0.0021184958, 0.9971796, 0.07502208, 2.9879254e-06, -0.07502224, 0.99718183, 0.99999774, 0.0021127497, 0.0001559548, -0.9775243, 0.00031596253, 0.1745495)
bind/7/name = &"R_Ankle_FK"
bind/7/bone = -1
bind/7/pose = Transform3D(-0.0021184958, 0.9971796, 0.07502208, 2.9879254e-06, -0.07502224, 0.99718183, 0.99999774, 0.0021127497, 0.0001559548, -0.09530891, 0.054729346, 0.22491875)
bind/8/name = &"R_Toe_FK"
bind/8/bone = -1
bind/8/pose = Transform3D(-0.0021184958, 0.9971796, 0.07502208, 2.9879254e-06, -0.07502224, 0.99718183, 0.99999774, 0.0021127497, 0.0001559548, 0.002037912, -0.47405818, 0.18158606)
bind/9/name = &"L_Ankle_FK"
bind/9/bone = -1
bind/9/pose = Transform3D(-0.0021421905, 0.99717647, 0.075063676, -6.12322e-17, -0.07506385, 0.99717873, 0.99999774, 0.0021361466, 0.00016080105, -0.09497076, 0.054964207, -0.22073492)
bind/10/name = &"R_knee_Bind"
bind/10/bone = -1
bind/10/pose = Transform3D(-0.0021406151, 0.99717647, 0.075063676, 0.0007328483, -0.07506226, 0.99717855, 0.99999744, 0.002189586, -0.0005700997, -0.97752696, 0.00048406192, 0.1745074)
bind/11/name = &"R_Ankle_Bind"
bind/11/bone = -1
bind/11/pose = Transform3D(-0.0021406151, 0.99717647, 0.075063676, 0.0007328483, -0.07506226, 0.99717855, 0.99999744, 0.002189586, -0.0005700997, -0.0953116, 0.054897442, 0.22487664)
bind/12/name = &"R_Toe_Bind"
bind/12/bone = -1
bind/12/pose = Transform3D(-0.0021406151, 0.99717647, 0.075063676, 0.0007328483, -0.07506226, 0.99717855, 0.99999744, 0.002189586, -0.0005700997, 0.00203522, -0.47389007, 0.18154395)
bind/13/name = &"R_AnkleGuard_Rotator"
bind/13/bone = -1
bind/13/pose = Transform3D(-0.0006954774, 0.53723264, 0.84343386, 0.002153047, -0.8434313, 0.53723276, 0.99999744, 0.002189586, -0.0005700997, -0.01313645, 0.10920378, 0.22487664)
bind/14/name = &"L_Knee_Bind"
bind/14/bone = -1
bind/14/pose = Transform3D(4.273638e-05, 0.9966916, 0.08127663, 0.001750182, -0.08127658, 0.99669003, 0.99999845, 9.9653975e-05, -0.0017478651, -0.97477406, 0.0072544813, -0.1732181)
bind/15/name = &"L_Ankle_BInd"
bind/15/bone = -1
bind/15/pose = Transform3D(-0.03704038, 0.99649435, 0.07501312, 2.2132395e-08, -0.07506464, 0.9971787, 0.9993138, 0.036935877, 0.0027804002, -0.08750586, 0.054964267, -0.22045483)

[sub_resource type="Skin" id="Skin_lhyil"]
resource_name = "Skin3"
bind_count = 18
bind/0/name = &"Root_joint"
bind/0/bone = -1
bind/0/pose = Transform3D(6.123234e-17, 1, 0, -6.123234e-17, 3.7493994e-33, 1, 1, -6.123234e-17, 6.123234e-17, -0.0011155009, 7.563575e-16, -0.0002953749)
bind/1/name = &"L_Knee_IK"
bind/1/bone = -1
bind/1/pose = Transform3D(0.00023154447, 0.99997854, 0.0065426477, -0.0044448823, -0.0065415544, 0.9999687, 0.9999901, -0.00026061854, 0.004443272, -0.97873956, 0.0013082558, -0.17288558)
bind/2/name = &"L_Ankle_IK"
bind/2/bone = -1
bind/2/pose = Transform3D(-0.03685224, 0.9993207, 0.00031194708, -0.0061792713, -0.0005400279, 0.99998075, 0.9993016, 0.036849603, 0.0061949748, -0.09142364, 0.04901262, -0.22028245)
bind/3/name = &"L_Toe_IK"
bind/3/bone = -1
bind/3/pose = Transform3D(-0.03685224, 0.9993207, 0.00031194708, -0.0061792713, -0.0005400279, 0.99998075, 0.9993016, 0.036849603, 0.0061949748, 0.005560953, -0.48001042, -0.17400786)
bind/4/name = &"R_knee_IK"
bind/4/bone = -1
bind/4/pose = Transform3D(-0.0021406151, 0.99999774, 0, 0.0007328483, 1.5687499e-06, 0.9999997, 0.99999744, 0.0021406147, -0.00073285, -0.98142076, -0.006861623, 0.17450444)
bind/5/name = &"R_Ankle_IK"
bind/5/bone = -1
bind/5/pose = Transform3D(-0.0021406151, 0.99999774, 0, 0.0007328483, 1.5687499e-06, 0.9999997, 0.99999744, 0.0021406147, -0.00073285, -0.09920533, 0.047551762, 0.2248737)
bind/6/name = &"R_Toe_IK"
bind/6/bone = -1
bind/6/pose = Transform3D(-0.0021406151, 0.99999774, 0, 0.0007328483, 1.5687499e-06, 0.9999997, 0.99999744, 0.0021406147, -0.00073285, -0.0018585124, -0.4812358, 0.181541)
bind/7/name = &"R_knee_FK"
bind/7/bone = -1
bind/7/pose = Transform3D(-0.0021184958, 0.99999774, -4.1714477e-05, 2.9879254e-06, 4.17209e-05, 1, 0.99999774, 0.0021184955, -3.0763042e-06, -0.9814178, -0.0070298812, 0.17454128)
bind/8/name = &"R_Ankle_FK"
bind/8/bone = -1
bind/8/pose = Transform3D(-0.0021184958, 0.99999774, -4.1714477e-05, 2.9879254e-06, 4.17209e-05, 1, 0.99999774, 0.0021184955, -3.0763042e-06, -0.09920233, 0.047383502, 0.22491054)
bind/9/name = &"R_Toe_FK"
bind/9/bone = -1
bind/9/pose = Transform3D(-0.0021184958, 0.99999774, -4.1714477e-05, 2.9879254e-06, 4.17209e-05, 1, 0.99999774, 0.0021184955, -3.0763042e-06, -0.0018555141, -0.48140404, 0.18157783)
bind/10/name = &"L_Ankle_FK"
bind/10/bone = -1
bind/10/pose = Transform3D(-0.0021421905, 0.99999774, 0, -6.12322e-17, -1.3117133e-19, 1, 0.99999774, 0.0021421905, 6.123234e-17, -0.09886449, 0.047618527, -0.22074327)
bind/11/name = &"R_knee_Bind"
bind/11/bone = -1
bind/11/pose = Transform3D(-0.0021406151, 0.99999774, -2.1175824e-22, 0.0007328483, 1.5687499e-06, 0.9999997, 0.99999744, 0.0021406147, -0.00073285, -0.98142076, -0.006861623, 0.17450444)
bind/12/name = &"R_Ankle_Bind"
bind/12/bone = -1
bind/12/pose = Transform3D(-0.0021406151, 0.99999774, -2.1175824e-22, 0.0007328483, 1.5687499e-06, 0.9999997, 0.99999744, 0.0021406147, -0.00073285, -0.09920533, 0.047551762, 0.2248737)
bind/13/name = &"R_Toe_Bind"
bind/13/bone = -1
bind/13/pose = Transform3D(-0.0021406151, 0.99999774, -2.1175824e-22, 0.0007328483, 1.5687499e-06, 0.9999997, 0.99999744, 0.0021406147, -0.00073285, -0.0018585124, -0.4812358, 0.181541)
bind/14/name = &"R_AnkleGuard_Rotator"
bind/14/bone = -1
bind/14/pose = Transform3D(-0.0006954774, 0.59902835, 0.80072755, 0.002153047, -0.800725, 0.5990283, 0.99999744, 0.0021406147, -0.00073285, -0.021350801, 0.107921325, 0.2248737)
bind/15/name = &"L_Knee_Bind"
bind/15/bone = -1
bind/15/pose = Transform3D(4.273638e-05, 0.99998057, 0.0062318277, 0.001750182, -0.006231893, 0.9999791, 0.99999845, -3.1828655e-05, -0.0017504144, -0.9787136, -6.67804e-05, -0.1732051)
bind/16/name = &"L_Ankle_BInd"
bind/16/bone = -1
bind/16/pose = Transform3D(-0.03704038, 0.9993138, 7.9048107e-07, 2.2132395e-08, -7.902035e-07, 1, 0.9993138, 0.03704038, 7.152228e-09, -0.091396935, 0.047618587, -0.22059907)
bind/17/name = &"L_Toe_Bind"
bind/17/bone = -1
bind/17/pose = Transform3D(-0.03704038, 0.9993138, 7.9048107e-07, 2.2132395e-08, -7.902035e-07, 1, 0.9993138, 0.03704038, 7.152228e-09, 0.0055876607, -0.48140445, -0.17432447)

[sub_resource type="BoxShape3D" id="BoxShape3D_hsfiv"]
size = Vector3(0.40649414, 1.7830391, 0.7265625)

[sub_resource type="BoxShape3D" id="BoxShape3D_i6q28"]
size = Vector3(0.4185791, 1.7902048, 0.73747253)

[node name="RightLeg" type="RigidBody3D" unique_id=1985177356]
collision_layer = 4099
collision_mask = 2956
lock_rotation = true
freeze = true
freeze_mode = 1
continuous_cd = true
contact_monitor = true
max_contacts_reported = 2
script = ExtResource("1_pckun")
retract_speed = 7.5

[node name="VisibleOnScreenNotifier3D" type="VisibleOnScreenNotifier3D" parent="." unique_id=2014330834]

[node name="PhantomCamera3D" type="Node3D" parent="." unique_id=714184868]
transform = Transform3D(1, 0, 0, 0, 1, 0, 0, 0, 1, 0, 0, 6.168)
script = ExtResource("3_hsfiv")
tween_resource = SubResource("Resource_bcp5y")
camera_3d_resource = ExtResource("5_pckun")
metadata/_custom_type_script = "uid://csjccrhj5wnx7"

[node name="Node3D" type="Node3D" parent="." unique_id=203430883]
transform = Transform3D(100, 0, 0, 0, 100, 0, 0, 0, 100, -0.20415592, -0.89601594, 0.13392133)

[node name="Upper_Leg" type="MeshInstance3D" parent="Node3D" unique_id=1770759686]
mesh = ExtResource("5_0ju30")
skin = SubResource("Skin_ju8df")
skeleton = NodePath("")

[node name="Lower_Leg" type="MeshInstance3D" parent="Node3D" unique_id=1600890298]
mesh = ExtResource("6_5wjxt")
skin = SubResource("Skin_iwjx2")
skeleton = NodePath("")

[node name="Armor_Bit" type="MeshInstance3D" parent="Node3D" unique_id=2026945369]
mesh = ExtResource("7_hh6m4")
skin = SubResource("Skin_ho38w")
skeleton = NodePath("")

[node name="Foot" type="MeshInstance3D" parent="Node3D" unique_id=1188360602]
mesh = ExtResource("8_jtu2u")
skin = SubResource("Skin_lhyil")
skeleton = NodePath("")

[node name="CollisionShape3D" type="CollisionShape3D" parent="." unique_id=943758665]
transform = Transform3D(1.035085, 0, 0, 0, 1.035085, 0, 0, 0, 1.035085, -0.004358515, 0.0012012422, 0.13543756)
shape = SubResource("BoxShape3D_hsfiv")

[node name="JumpArea" type="Area3D" parent="." unique_id=59283736]
transform = Transform3D(1, 0, 0, 0, 1, 0, 0, 0, 1, 0, -0.036596715, 0.13392133)
collision_layer = 0
collision_mask = 12

[node name="CollisionShape3D" type="CollisionShape3D" parent="JumpArea" unique_id=89745610]
transform = Transform3D(1, 0, 0, 0, 1, 0, 0, 0, 1, -0.0004272461, 0.03870392, -0.0015563965)
shape = SubResource("BoxShape3D_i6q28")
